
  Mrv2003 01272015212D          

 36 39  0  0  0  0            999 V2000
  -16.0638    8.1562    0.0000 C   0  0  0  0  0  0  0  0  0  0  0  0
  -16.7783    7.7213    0.0000 C   0  0  0  0  0  0  0  0  0  0  0  0
  -16.7783    6.8963    0.0000 C   0  0  0  0  0  0  0  0  0  0  0  0
  -16.0638    6.5061    0.0000 C   0  0  0  0  0  0  0  0  0  0  0  0
  -15.3493    6.9187    0.0000 C   0  0  0  0  0  0  0  0  0  0  0  0
  -15.3493    7.7437    0.0000 C   0  0  0  0  0  0  0  0  0  0  0  0
  -14.6349    8.1562    0.0000 C   0  0  0  0  0  0  0  0  0  0  0  0
  -13.9204    7.7437    0.0000 C   0  0  0  0  0  0  0  0  0  0  0  0
  -13.2059    8.1562    0.0000 C   0  0  0  0  0  0  0  0  0  0  0  0
  -13.9204    6.9187    0.0000 C   0  0  0  0  0  0  0  0  0  0  0  0
  -13.2059    6.5062    0.0000 N   0  0  0  0  0  0  0  0  0  0  0  0
  -12.4915    6.9187    0.0000 C   0  0  0  0  0  0  0  0  0  0  0  0
  -12.4915    7.7437    0.0000 C   0  0  0  0  0  0  0  0  0  0  0  0
  -11.7770    8.1562    0.0000 C   0  0  0  0  0  0  0  0  0  0  0  0
  -11.0625    7.7437    0.0000 C   0  0  0  0  0  0  0  0  0  0  0  0
  -13.2060    8.9812    0.0000 O   0  0  0  0  0  0  0  0  0  0  0  0
  -10.3481    8.1562    0.0000 C   0  0  0  0  0  0  0  0  0  0  0  0
  -11.0625    6.9187    0.0000 C   0  0  0  0  0  0  0  0  0  0  0  0
  -10.3481    6.5062    0.0000 C   0  0  0  0  0  0  0  0  0  0  0  0
   -9.6336    6.9187    0.0000 C   0  0  0  0  0  0  0  0  0  0  0  0
   -9.6336    7.7437    0.0000 C   0  0  0  0  0  0  0  0  0  0  0  0
   -8.9191    8.1562    0.0000 C   0  0  0  0  0  0  0  0  0  0  0  0
  -17.4975    8.1255    0.0000 C   0  0  0  0  0  0  0  0  0  0  0  0
  -12.4915    5.2687    0.0000 C   0  0  0  0  0  0  0  0  0  0  0  0
  -12.4914    4.4437    0.0000 C   0  0  0  0  0  0  0  0  0  0  0  0
  -11.7770    4.0312    0.0000 C   0  0  0  0  0  0  0  0  0  0  0  0
  -11.0625    4.4437    0.0000 C   0  0  0  0  0  0  0  0  0  0  0  0
  -11.0625    5.2687    0.0000 C   0  0  0  0  0  0  0  0  0  0  0  0
  -11.7770    5.6812    0.0000 C   0  0  0  0  0  0  0  0  0  0  0  0
  -13.2059    5.6812    0.0000 C   0  0  0  0  0  0  0  0  0  0  0  0
  -10.3481    8.9812    0.0000 C   0  0  0  0  0  0  0  0  0  0  0  0
  -16.0734    8.9811    0.0000 C   0  0  0  0  0  0  0  0  0  0  0  0
  -18.2167    8.5297    0.0000 O   0  0  0  0  0  0  0  0  0  0  0  0
   -8.2046    8.5687    0.0000 O   0  0  0  0  0  0  0  0  0  0  0  0
  -10.3481    9.8062    0.0000 O   0  0  0  0  0  0  0  0  0  0  0  0
  -16.0829    9.8061    0.0000 O   0  0  0  0  0  0  0  0  0  0  0  0
  1  2  1  0  0  0  0
  2  3  2  0  0  0  0
  3  4  1  0  0  0  0
  5  6  1  0  0  0  0
  4  5  2  0  0  0  0
  6  7  1  0  0  0  0
  7  8  2  0  0  0  0
 10 11  1  0  0  0  0
 11 12  1  0  0  0  0
 12 13  1  0  0  0  0
  9 13  1  0  0  0  0
  9  8  1  0  0  0  0
  8 10  1  0  0  0  0
 13 14  2  0  0  0  0
  9 16  2  0  0  0  0
 18 19  1  0  0  0  0
 20 21  1  0  0  0  0
 17 15  1  0  0  0  0
 14 15  1  0  0  0  0
 21 22  1  0  0  0  0
  2 23  1  0  0  0  0
 15 18  2  0  0  0  0
 19 20  2  0  0  0  0
 17 21  2  0  0  0  0
  1  6  2  0  0  0  0
 11 30  1  0  0  0  0
 24 30  1  0  0  0  0
 24 25  2  0  0  0  0
 24 29  1  0  0  0  0
 25 26  1  0  0  0  0
 26 27  2  0  0  0  0
 28 29  2  0  0  0  0
 27 28  1  0  0  0  0
 17 31  1  0  0  0  0
  1 32  1  0  0  0  0
 23 33  2  0  0  0  0
 22 34  2  0  0  0  0
 31 35  2  0  0  0  0
 32 36  2  0  0  0  0
M  STY  4   1 SUP   2 SUP   3 SUP   4 SUP
M  SAL   1  2  23  33
M  SBL   1  1  21
M  SMT   1 CO
M  SAP   1  2  23   2  1  23   0  2
M  SAL   2  2  22  34
M  SBL   2  1  20
M  SMT   2 CO
M  SAP   2  2  22  21  1  22   0  2
M  SAL   3  2  31  35
M  SBL   3  1  34
M  SMT   3 CO
M  SAP   3  2  31  17  1  31   0  2
M  SAL   4  2  32  36
M  SBL   4  1  35
M  SMT   4 CO
M  SAP   4  2  32   1  1  32   0  2
M  END
$$$$
